0.000000000000000000e+00 0.000000000000000000e+00 0.000000000000000000e+00 0.000000000000000000e+00
0.000000000000000000e+00 0.000000000000000000e+00 0.000000000000000000e+00 0.000000000000000000e+00
0.000000000000000000e+00 0.000000000000000000e+00 0.000000000000000000e+00 0.000000000000000000e+00
0.000000000000000000e+00 0.000000000000000000e+00 0.000000000000000000e+00 0.000000000000000000e+00
0.000000000000000000e+00 0.000000000000000000e+00 0.000000000000000000e+00 0.000000000000000000e+00
0.000000000000000000e+00 0.000000000000000000e+00 0.000000000000000000e+00 0.000000000000000000e+00
0.000000000000000000e+00 0.000000000000000000e+00 0.000000000000000000e+00 0.000000000000000000e+00
0.000000000000000000e+00 0.000000000000000000e+00 0.000000000000000000e+00 0.000000000000000000e+00
6.000000000000000125e-03 0.000000000000000000e+00 0.000000000000000000e+00 0.000000000000000000e+00
0.000000000000000000e+00 0.000000000000000000e+00 0.000000000000000000e+00 0.000000000000000000e+00
0.000000000000000000e+00 0.000000000000000000e+00 0.000000000000000000e+00 0.000000000000000000e+00
0.000000000000000000e+00 0.000000000000000000e+00 0.000000000000000000e+00 0.000000000000000000e+00
0.000000000000000000e+00 0.000000000000000000e+00 0.000000000000000000e+00 0.000000000000000000e+00
0.000000000000000000e+00 0.000000000000000000e+00 0.000000000000000000e+00 0.000000000000000000e+00
0.000000000000000000e+00 0.000000000000000000e+00 0.000000000000000000e+00 0.000000000000000000e+00
0.000000000000000000e+00 0.000000000000000000e+00 0.000000000000000000e+00 0.000000000000000000e+00
0.000000000000000000e+00 0.000000000000000000e+00 4.000000000000000083e-03 0.000000000000000000e+00
2.000000000000000042e-03 3.000000000000000062e-03 0.000000000000000000e+00 0.000000000000000000e+00
2.000000000000000042e-03 0.000000000000000000e+00 0.000000000000000000e+00 0.000000000000000000e+00
0.000000000000000000e+00 0.000000000000000000e+00 0.000000000000000000e+00 0.000000000000000000e+00
2.310000000000000109e-01 2.819999999999999729e-01 0.000000000000000000e+00 1.400000000000000029e-02
0.000000000000000000e+00 0.000000000000000000e+00 0.000000000000000000e+00 0.000000000000000000e+00
0.000000000000000000e+00 0.000000000000000000e+00 0.000000000000000000e+00 0.000000000000000000e+00
0.000000000000000000e+00 0.000000000000000000e+00 0.000000000000000000e+00 0.000000000000000000e+00
2.660000000000000142e-01 1.130000000000000032e-01 0.000000000000000000e+00 0.000000000000000000e+00
0.000000000000000000e+00 0.000000000000000000e+00 0.000000000000000000e+00 0.000000000000000000e+00
0.000000000000000000e+00 0.000000000000000000e+00 0.000000000000000000e+00 0.000000000000000000e+00
0.000000000000000000e+00 0.000000000000000000e+00 0.000000000000000000e+00 0.000000000000000000e+00
0.000000000000000000e+00 5.000000000000000278e-02 0.000000000000000000e+00 0.000000000000000000e+00
0.000000000000000000e+00 0.000000000000000000e+00 0.000000000000000000e+00 0.000000000000000000e+00
0.000000000000000000e+00 1.000000000000000021e-03 0.000000000000000000e+00 0.000000000000000000e+00
0.000000000000000000e+00 0.000000000000000000e+00 0.000000000000000000e+00 0.000000000000000000e+00
0.000000000000000000e+00 2.000000000000000042e-03 0.000000000000000000e+00 0.000000000000000000e+00
0.000000000000000000e+00 0.000000000000000000e+00 0.000000000000000000e+00 0.000000000000000000e+00
7.000000000000000146e-03 4.000000000000000083e-03 1.099999999999999936e-02 1.000000000000000021e-03
0.000000000000000000e+00 0.000000000000000000e+00 0.000000000000000000e+00 0.000000000000000000e+00
0.000000000000000000e+00 0.000000000000000000e+00 0.000000000000000000e+00 0.000000000000000000e+00
0.000000000000000000e+00 0.000000000000000000e+00 0.000000000000000000e+00 0.000000000000000000e+00
2.100000000000000130e-02 1.000000000000000021e-03 0.000000000000000000e+00 0.000000000000000000e+00
0.000000000000000000e+00 0.000000000000000000e+00 0.000000000000000000e+00 0.000000000000000000e+00
0.000000000000000000e+00 0.000000000000000000e+00 0.000000000000000000e+00 0.000000000000000000e+00
0.000000000000000000e+00 0.000000000000000000e+00 0.000000000000000000e+00 0.000000000000000000e+00
0.000000000000000000e+00 0.000000000000000000e+00 0.000000000000000000e+00 0.000000000000000000e+00
7.800000000000000266e-01 8.500000000000000611e-02 0.000000000000000000e+00 1.000000000000000021e-03
0.000000000000000000e+00 0.000000000000000000e+00 1.000000000000000021e-03 0.000000000000000000e+00
0.000000000000000000e+00 0.000000000000000000e+00 0.000000000000000000e+00 0.000000000000000000e+00
0.000000000000000000e+00 0.000000000000000000e+00 0.000000000000000000e+00 0.000000000000000000e+00
0.000000000000000000e+00 0.000000000000000000e+00 0.000000000000000000e+00 0.000000000000000000e+00
0.000000000000000000e+00 1.000000000000000021e-03 0.000000000000000000e+00 0.000000000000000000e+00
0.000000000000000000e+00 0.000000000000000000e+00 0.000000000000000000e+00 0.000000000000000000e+00
0.000000000000000000e+00 0.000000000000000000e+00 0.000000000000000000e+00 0.000000000000000000e+00
9.199999999999999845e-02 1.290000000000000036e-01 0.000000000000000000e+00 0.000000000000000000e+00
0.000000000000000000e+00 6.000000000000000125e-03 0.000000000000000000e+00 1.000000000000000021e-03
0.000000000000000000e+00 0.000000000000000000e+00 0.000000000000000000e+00 0.000000000000000000e+00
1.189999999999999947e-01 2.959999999999999853e-01 0.000000000000000000e+00 0.000000000000000000e+00
0.000000000000000000e+00 0.000000000000000000e+00 0.000000000000000000e+00 0.000000000000000000e+00
0.000000000000000000e+00 0.000000000000000000e+00 1.299999999999999940e-02 1.000000000000000021e-03
0.000000000000000000e+00 0.000000000000000000e+00 0.000000000000000000e+00 0.000000000000000000e+00
0.000000000000000000e+00 0.000000000000000000e+00 1.000000000000000021e-03 0.000000000000000000e+00
0.000000000000000000e+00 0.000000000000000000e+00 0.000000000000000000e+00 0.000000000000000000e+00
0.000000000000000000e+00 1.000000000000000021e-02 3.699999999999999817e-02 3.000000000000000062e-03
0.000000000000000000e+00 2.000000000000000042e-03 1.000000000000000021e-03 0.000000000000000000e+00
8.999999999999999320e-03 1.980000000000000093e-01 1.000000000000000056e-01 1.000000000000000021e-03
7.790000000000000258e-01 2.610000000000000098e-01 7.599999999999999811e-02 2.400000000000000050e-02
0.000000000000000000e+00 0.000000000000000000e+00 0.000000000000000000e+00 0.000000000000000000e+00
0.000000000000000000e+00 1.000000000000000021e-03 0.000000000000000000e+00 0.000000000000000000e+00
0.000000000000000000e+00 5.399999999999999939e-02 0.000000000000000000e+00 3.099999999999999978e-02
2.000000000000000042e-03 7.299999999999999545e-02 8.999999999999999320e-03 0.000000000000000000e+00
1.809999999999999942e-01 0.000000000000000000e+00 0.000000000000000000e+00 4.000000000000000083e-03
0.000000000000000000e+00 0.000000000000000000e+00 0.000000000000000000e+00 0.000000000000000000e+00
0.000000000000000000e+00 0.000000000000000000e+00 1.000000000000000021e-03 0.000000000000000000e+00
2.599999999999999881e-02 2.310000000000000109e-01 0.000000000000000000e+00 4.540000000000000147e-01
0.000000000000000000e+00 0.000000000000000000e+00 3.599999999999999728e-02 0.000000000000000000e+00
0.000000000000000000e+00 0.000000000000000000e+00 0.000000000000000000e+00 0.000000000000000000e+00
3.360000000000000209e-01 1.189999999999999947e-01 1.000000000000000056e-01 1.110000000000000014e-01
1.590000000000000024e-01 5.600000000000000117e-02 1.250000000000000000e-01 1.290000000000000036e-01
1.000000000000000021e-03 0.000000000000000000e+00 0.000000000000000000e+00 0.000000000000000000e+00
0.000000000000000000e+00 0.000000000000000000e+00 0.000000000000000000e+00 0.000000000000000000e+00
0.000000000000000000e+00 0.000000000000000000e+00 0.000000000000000000e+00 0.000000000000000000e+00
1.000000000000000021e-03 8.000000000000000167e-03 0.000000000000000000e+00 0.000000000000000000e+00
2.169999999999999984e-01 5.500000000000000028e-02 1.270000000000000018e-01 2.039999999999999869e-01
0.000000000000000000e+00 0.000000000000000000e+00 0.000000000000000000e+00 0.000000000000000000e+00
0.000000000000000000e+00 0.000000000000000000e+00 0.000000000000000000e+00 0.000000000000000000e+00
0.000000000000000000e+00 0.000000000000000000e+00 0.000000000000000000e+00 0.000000000000000000e+00
0.000000000000000000e+00 0.000000000000000000e+00 0.000000000000000000e+00 0.000000000000000000e+00
0.000000000000000000e+00 0.000000000000000000e+00 1.000000000000000021e-03 0.000000000000000000e+00
0.000000000000000000e+00 0.000000000000000000e+00 0.000000000000000000e+00 0.000000000000000000e+00
0.000000000000000000e+00 0.000000000000000000e+00 0.000000000000000000e+00 0.000000000000000000e+00
2.000000000000000042e-02 1.099999999999999936e-02 7.000000000000000146e-03 5.000000000000000104e-03
0.000000000000000000e+00 0.000000000000000000e+00 0.000000000000000000e+00 0.000000000000000000e+00
1.000000000000000021e-03 0.000000000000000000e+00 0.000000000000000000e+00 0.000000000000000000e+00
0.000000000000000000e+00 0.000000000000000000e+00 0.000000000000000000e+00 1.000000000000000021e-03
0.000000000000000000e+00 1.000000000000000021e-03 0.000000000000000000e+00 0.000000000000000000e+00
0.000000000000000000e+00 0.000000000000000000e+00 0.000000000000000000e+00 0.000000000000000000e+00
1.899999999999999953e-02 5.000000000000000104e-03 1.000000000000000021e-03 0.000000000000000000e+00
0.000000000000000000e+00 0.000000000000000000e+00 0.000000000000000000e+00 0.000000000000000000e+00
1.000000000000000021e-03 2.000000000000000042e-03 0.000000000000000000e+00 2.000000000000000042e-03
5.000000000000000104e-03 1.000000000000000021e-03 0.000000000000000000e+00 0.000000000000000000e+00
0.000000000000000000e+00 0.000000000000000000e+00 0.000000000000000000e+00 0.000000000000000000e+00
0.000000000000000000e+00 0.000000000000000000e+00 0.000000000000000000e+00 0.000000000000000000e+00
0.000000000000000000e+00 2.000000000000000042e-03 1.000000000000000021e-03 0.000000000000000000e+00
1.000000000000000021e-02 1.000000000000000021e-03 0.000000000000000000e+00 2.000000000000000042e-03
5.500000000000000028e-02 3.000000000000000062e-03 4.000000000000000083e-03 1.000000000000000021e-02
1.000000000000000021e-03 8.999999999999999320e-03 1.000000000000000021e-03 0.000000000000000000e+00
2.299999999999999961e-02 0.000000000000000000e+00 0.000000000000000000e+00 3.699999999999999817e-02
1.499999999999999944e-02 2.190000000000000002e-01 2.999999999999999889e-02 2.599999999999999881e-02
7.000000000000000666e-02 2.900000000000000147e-02 2.000000000000000042e-03 1.299999999999999940e-02
8.000000000000000167e-03 1.499999999999999944e-02 1.600000000000000033e-02 0.000000000000000000e+00
3.539999999999999813e-01 1.049999999999999961e-01 8.999999999999999320e-03 1.700000000000000122e-02
1.799999999999999864e-02 7.000000000000000666e-02 3.000000000000000062e-03 8.999999999999999320e-03
4.200000000000000261e-02 1.000000000000000021e-02 6.000000000000000125e-03 1.899999999999999953e-02
1.559999999999999998e-01 5.700000000000000205e-02 2.199999999999999872e-02 1.099999999999999936e-02
4.189999999999999836e-01 8.500000000000000611e-02 2.900000000000000147e-02 8.699999999999999400e-02
2.800000000000000058e-02 1.200000000000000025e-02 1.200000000000000025e-02 4.000000000000000083e-03
4.000000000000000083e-03 3.500000000000000333e-02 1.299999999999999940e-02 6.000000000000000125e-03
4.179999999999999827e-01 4.900000000000000189e-02 1.899999999999999953e-02 3.250000000000000111e-01
0.000000000000000000e+00 0.000000000000000000e+00 0.000000000000000000e+00 0.000000000000000000e+00
0.000000000000000000e+00 0.000000000000000000e+00 0.000000000000000000e+00 0.000000000000000000e+00
0.000000000000000000e+00 0.000000000000000000e+00 0.000000000000000000e+00 0.000000000000000000e+00
0.000000000000000000e+00 0.000000000000000000e+00 0.000000000000000000e+00 0.000000000000000000e+00
0.000000000000000000e+00 0.000000000000000000e+00 0.000000000000000000e+00 0.000000000000000000e+00
0.000000000000000000e+00 0.000000000000000000e+00 0.000000000000000000e+00 0.000000000000000000e+00
0.000000000000000000e+00 0.000000000000000000e+00 0.000000000000000000e+00 0.000000000000000000e+00
0.000000000000000000e+00 0.000000000000000000e+00 0.000000000000000000e+00 0.000000000000000000e+00
0.000000000000000000e+00 0.000000000000000000e+00 0.000000000000000000e+00 0.000000000000000000e+00
0.000000000000000000e+00 1.000000000000000021e-03 0.000000000000000000e+00 0.000000000000000000e+00
2.000000000000000042e-03 1.000000000000000021e-03 0.000000000000000000e+00 0.000000000000000000e+00
1.899999999999999953e-02 7.000000000000000146e-03 0.000000000000000000e+00 0.000000000000000000e+00
0.000000000000000000e+00 0.000000000000000000e+00 0.000000000000000000e+00 0.000000000000000000e+00
0.000000000000000000e+00 0.000000000000000000e+00 0.000000000000000000e+00 0.000000000000000000e+00
0.000000000000000000e+00 0.000000000000000000e+00 0.000000000000000000e+00 0.000000000000000000e+00
1.899999999999999953e-02 2.199999999999999872e-02 4.000000000000000083e-03 1.200000000000000025e-02
0.000000000000000000e+00 1.299999999999999940e-02 2.000000000000000042e-03 8.000000000000000167e-03
3.000000000000000062e-03 2.000000000000000042e-03 0.000000000000000000e+00 0.000000000000000000e+00
2.000000000000000042e-03 2.000000000000000042e-03 1.000000000000000021e-03 1.000000000000000021e-03
0.000000000000000000e+00 1.000000000000000021e-03 0.000000000000000000e+00 0.000000000000000000e+00
3.000000000000000062e-03 5.000000000000000104e-03 0.000000000000000000e+00 0.000000000000000000e+00
1.299999999999999940e-02 2.800000000000000058e-02 0.000000000000000000e+00 1.000000000000000021e-03
5.000000000000000104e-03 5.370000000000000329e-01 1.000000000000000021e-03 3.200000000000000067e-02
2.500000000000000139e-02 5.919999999999999707e-01 1.630000000000000060e-01 6.099999999999999867e-02
8.999999999999999320e-03 3.370000000000000218e-01 1.000000000000000021e-03 0.000000000000000000e+00
0.000000000000000000e+00 1.200000000000000025e-02 2.000000000000000042e-03 0.000000000000000000e+00
4.000000000000000083e-03 4.749999999999999778e-01 0.000000000000000000e+00 0.000000000000000000e+00
3.300000000000000155e-02 1.179999999999999938e-01 0.000000000000000000e+00 1.700000000000000122e-02
2.999999999999999889e-02 3.899999999999999994e-02 1.000000000000000021e-03 1.799999999999999864e-02
1.499999999999999944e-02 0.000000000000000000e+00 0.000000000000000000e+00 1.000000000000000021e-03
2.000000000000000042e-03 0.000000000000000000e+00 0.000000000000000000e+00 0.000000000000000000e+00
0.000000000000000000e+00 0.000000000000000000e+00 0.000000000000000000e+00 7.599999999999999811e-02
3.569999999999999840e-01 1.799999999999999864e-02 9.099999999999999756e-02 4.000000000000000083e-03
0.000000000000000000e+00 8.999999999999999320e-03 0.000000000000000000e+00 0.000000000000000000e+00
3.300000000000000155e-02 1.099999999999999936e-02 1.600000000000000033e-02 1.299999999999999940e-02
0.000000000000000000e+00 1.000000000000000021e-03 0.000000000000000000e+00 5.000000000000000104e-03
0.000000000000000000e+00 0.000000000000000000e+00 1.200000000000000025e-02 8.799999999999999489e-02
3.529999999999999805e-01 3.000000000000000062e-03 0.000000000000000000e+00 5.000000000000000104e-03
0.000000000000000000e+00 0.000000000000000000e+00 1.000000000000000021e-03 1.000000000000000021e-03
0.000000000000000000e+00 0.000000000000000000e+00 0.000000000000000000e+00 0.000000000000000000e+00
0.000000000000000000e+00 0.000000000000000000e+00 2.000000000000000042e-03 1.000000000000000021e-03
0.000000000000000000e+00 0.000000000000000000e+00 2.699999999999999969e-02 1.000000000000000021e-02
0.000000000000000000e+00 0.000000000000000000e+00 3.000000000000000062e-03 3.000000000000000062e-03
0.000000000000000000e+00 0.000000000000000000e+00 0.000000000000000000e+00 0.000000000000000000e+00
0.000000000000000000e+00 0.000000000000000000e+00 8.599999999999999312e-02 0.000000000000000000e+00
0.000000000000000000e+00 2.000000000000000042e-03 1.000000000000000021e-03 0.000000000000000000e+00
0.000000000000000000e+00 0.000000000000000000e+00 0.000000000000000000e+00 0.000000000000000000e+00
2.000000000000000042e-03 5.000000000000000104e-03 8.000000000000000167e-03 1.000000000000000021e-03
4.000000000000000083e-03 2.299999999999999961e-02 2.100000000000000130e-02 6.000000000000000125e-03
1.749999999999999889e-01 0.000000000000000000e+00 2.000000000000000042e-03 2.800000000000000058e-02
6.610000000000000320e-01 2.849999999999999756e-01 3.430000000000000271e-01 4.349999999999999978e-01
5.399999999999999939e-02 8.100000000000000255e-02 2.400000000000000050e-02 5.000000000000000104e-03
0.000000000000000000e+00 4.599999999999999922e-02 2.000000000000000042e-02 4.000000000000000083e-03
2.359999999999999876e-01 3.270000000000000129e-01 2.479999999999999982e-01 7.520000000000000018e-01
3.940000000000000169e-01 5.979999999999999760e-01 2.590000000000000080e-01 5.480000000000000426e-01
3.910000000000000142e-01 1.310000000000000053e-01 7.099999999999999367e-02 8.499999999999999778e-01
2.149999999999999967e-01 4.000000000000000083e-03 1.000000000000000021e-03 5.140000000000000124e-01
5.040000000000000036e-01 7.000000000000000146e-03 5.299999999999999850e-02 5.800000000000000294e-02
2.879999999999999782e-01 4.079999999999999738e-01 6.410000000000000142e-01 1.280000000000000027e-01
0.000000000000000000e+00 1.000000000000000021e-03 6.000000000000000125e-03 0.000000000000000000e+00
0.000000000000000000e+00 4.000000000000000083e-03 2.000000000000000042e-03 0.000000000000000000e+00
1.330000000000000071e-01 1.899999999999999953e-02 5.500000000000000028e-02 6.500000000000000222e-02
1.749999999999999889e-01 3.899999999999999994e-02 7.000000000000000146e-03 3.579999999999999849e-01
1.499999999999999944e-02 0.000000000000000000e+00 0.000000000000000000e+00 0.000000000000000000e+00
1.429999999999999882e-01 5.199999999999999761e-02 1.700000000000000122e-02 3.000000000000000062e-03
0.000000000000000000e+00 0.000000000000000000e+00 0.000000000000000000e+00 0.000000000000000000e+00
0.000000000000000000e+00 0.000000000000000000e+00 0.000000000000000000e+00 0.000000000000000000e+00
7.599999999999999811e-02 1.320000000000000062e-01 3.940000000000000169e-01 6.199999999999999956e-02
0.000000000000000000e+00 0.000000000000000000e+00 2.000000000000000042e-03 0.000000000000000000e+00
1.000000000000000021e-03 1.000000000000000021e-03 5.000000000000000104e-03 1.099999999999999936e-02
0.000000000000000000e+00 0.000000000000000000e+00 6.000000000000000125e-03 0.000000000000000000e+00
0.000000000000000000e+00 0.000000000000000000e+00 0.000000000000000000e+00 0.000000000000000000e+00
0.000000000000000000e+00 0.000000000000000000e+00 0.000000000000000000e+00 0.000000000000000000e+00
0.000000000000000000e+00 0.000000000000000000e+00 0.000000000000000000e+00 0.000000000000000000e+00
0.000000000000000000e+00 0.000000000000000000e+00 8.999999999999999320e-03 0.000000000000000000e+00
2.000000000000000042e-03 4.100000000000000172e-02 0.000000000000000000e+00 0.000000000000000000e+00
0.000000000000000000e+00 0.000000000000000000e+00 0.000000000000000000e+00 0.000000000000000000e+00
0.000000000000000000e+00 0.000000000000000000e+00 0.000000000000000000e+00 0.000000000000000000e+00
1.299999999999999940e-02 0.000000000000000000e+00 0.000000000000000000e+00 0.000000000000000000e+00
0.000000000000000000e+00 0.000000000000000000e+00 1.299999999999999940e-02 0.000000000000000000e+00
0.000000000000000000e+00 0.000000000000000000e+00 0.000000000000000000e+00 0.000000000000000000e+00
0.000000000000000000e+00 0.000000000000000000e+00 0.000000000000000000e+00 0.000000000000000000e+00
2.000000000000000042e-03 0.000000000000000000e+00 0.000000000000000000e+00 0.000000000000000000e+00
8.200000000000000344e-02 0.000000000000000000e+00 0.000000000000000000e+00 0.000000000000000000e+00
0.000000000000000000e+00 0.000000000000000000e+00 0.000000000000000000e+00 0.000000000000000000e+00
0.000000000000000000e+00 0.000000000000000000e+00 0.000000000000000000e+00 1.049999999999999961e-01
0.000000000000000000e+00 0.000000000000000000e+00 0.000000000000000000e+00 0.000000000000000000e+00
0.000000000000000000e+00 7.000000000000000146e-03 0.000000000000000000e+00 0.000000000000000000e+00
1.799999999999999864e-02 0.000000000000000000e+00 0.000000000000000000e+00 5.899999999999999689e-02
0.000000000000000000e+00 0.000000000000000000e+00 0.000000000000000000e+00 0.000000000000000000e+00
3.000000000000000062e-03 2.909999999999999809e-01 6.199999999999999956e-02 7.000000000000000146e-03
0.000000000000000000e+00 0.000000000000000000e+00 6.000000000000000125e-03 4.000000000000000083e-03
0.000000000000000000e+00 4.000000000000000083e-03 0.000000000000000000e+00 0.000000000000000000e+00
0.000000000000000000e+00 6.000000000000000125e-03 2.439999999999999947e-01 8.229999999999999538e-01
0.000000000000000000e+00 1.799999999999999864e-02 0.000000000000000000e+00 0.000000000000000000e+00
0.000000000000000000e+00 2.000000000000000042e-03 0.000000000000000000e+00 0.000000000000000000e+00
0.000000000000000000e+00 0.000000000000000000e+00 0.000000000000000000e+00 0.000000000000000000e+00
0.000000000000000000e+00 2.000000000000000042e-03 0.000000000000000000e+00 0.000000000000000000e+00
0.000000000000000000e+00 0.000000000000000000e+00 0.000000000000000000e+00 0.000000000000000000e+00
0.000000000000000000e+00 8.000000000000000167e-03 0.000000000000000000e+00 0.000000000000000000e+00
0.000000000000000000e+00 1.000000000000000021e-03 0.000000000000000000e+00 0.000000000000000000e+00
0.000000000000000000e+00 0.000000000000000000e+00 0.000000000000000000e+00 0.000000000000000000e+00
0.000000000000000000e+00 0.000000000000000000e+00 0.000000000000000000e+00 0.000000000000000000e+00
0.000000000000000000e+00 2.299999999999999961e-02 0.000000000000000000e+00 0.000000000000000000e+00
0.000000000000000000e+00 0.000000000000000000e+00 0.000000000000000000e+00 0.000000000000000000e+00
1.000000000000000021e-03 0.000000000000000000e+00 0.000000000000000000e+00 0.000000000000000000e+00
1.890000000000000013e-01 4.349999999999999978e-01 1.400000000000000133e-01 5.210000000000000187e-01
2.100000000000000130e-02 5.000000000000000104e-03 4.000000000000000083e-03 8.999999999999999320e-03
0.000000000000000000e+00 2.129999999999999949e-01 1.200000000000000025e-02 0.000000000000000000e+00
1.400000000000000029e-02 2.800000000000000058e-02 0.000000000000000000e+00 0.000000000000000000e+00
1.499999999999999944e-02 0.000000000000000000e+00 1.000000000000000021e-03 0.000000000000000000e+00
2.139999999999999958e-01 2.999999999999999889e-02 5.000000000000000104e-03 4.000000000000000083e-03
2.699999999999999969e-02 5.399999999999999939e-02 0.000000000000000000e+00 0.000000000000000000e+00
1.499999999999999944e-02 2.280000000000000082e-01 0.000000000000000000e+00 0.000000000000000000e+00
3.200000000000000067e-02 1.000000000000000021e-03 3.430000000000000271e-01 5.869999999999999662e-01
0.000000000000000000e+00 0.000000000000000000e+00 0.000000000000000000e+00 0.000000000000000000e+00
2.999999999999999889e-02 8.999999999999999320e-03 0.000000000000000000e+00 0.000000000000000000e+00
6.630000000000000338e-01 4.329999999999999960e-01 9.400000000000000022e-02 7.620000000000000107e-01
0.000000000000000000e+00 0.000000000000000000e+00 0.000000000000000000e+00 0.000000000000000000e+00
0.000000000000000000e+00 0.000000000000000000e+00 1.340000000000000080e-01 4.000000000000000222e-01
1.000000000000000021e-03 0.000000000000000000e+00 6.590000000000000302e-01 3.360000000000000209e-01
0.000000000000000000e+00 0.000000000000000000e+00 5.500000000000000028e-02 1.280000000000000027e-01
0.000000000000000000e+00 0.000000000000000000e+00 8.100000000000000255e-02 3.300000000000000155e-02
0.000000000000000000e+00 0.000000000000000000e+00 5.000000000000000104e-03 1.000000000000000021e-03
0.000000000000000000e+00 0.000000000000000000e+00 1.160000000000000059e-01 1.100000000000000006e-01
0.000000000000000000e+00 0.000000000000000000e+00 0.000000000000000000e+00 0.000000000000000000e+00
0.000000000000000000e+00 0.000000000000000000e+00 0.000000000000000000e+00 0.000000000000000000e+00
0.000000000000000000e+00 1.000000000000000021e-03 0.000000000000000000e+00 0.000000000000000000e+00
0.000000000000000000e+00 1.000000000000000021e-03 0.000000000000000000e+00 0.000000000000000000e+00
2.100000000000000130e-02 0.000000000000000000e+00 1.299999999999999940e-02 8.000000000000000167e-03
8.999999999999999320e-03 0.000000000000000000e+00 0.000000000000000000e+00 3.000000000000000062e-03
0.000000000000000000e+00 0.000000000000000000e+00 0.000000000000000000e+00 0.000000000000000000e+00
0.000000000000000000e+00 0.000000000000000000e+00 0.000000000000000000e+00 0.000000000000000000e+00
0.000000000000000000e+00 9.199999999999999845e-02 0.000000000000000000e+00 0.000000000000000000e+00
0.000000000000000000e+00 2.000000000000000042e-03 0.000000000000000000e+00 0.000000000000000000e+00
4.000000000000000083e-02 2.000000000000000042e-03 4.000000000000000083e-03 1.200000000000000025e-02
2.190000000000000002e-01 1.000000000000000021e-02 0.000000000000000000e+00 1.700000000000000122e-02
1.449999999999999900e-01 9.299999999999999933e-02 5.399999999999999939e-02 4.239999999999999880e-01
5.600000000000000117e-02 3.799999999999999906e-02 1.000000000000000021e-03 5.000000000000000104e-03
1.000000000000000021e-03 5.000000000000000104e-03 0.000000000000000000e+00 0.000000000000000000e+00
0.000000000000000000e+00 0.000000000000000000e+00 0.000000000000000000e+00 0.000000000000000000e+00
5.749999999999999556e-01 2.000000000000000042e-02 0.000000000000000000e+00 1.099999999999999936e-02
5.500000000000000028e-02 3.360000000000000209e-01 4.610000000000000209e-01 3.059999999999999942e-01
9.030000000000000249e-01 2.000000000000000042e-03 0.000000000000000000e+00 5.000000000000000104e-03
7.000000000000000666e-02 2.299999999999999961e-02 2.000000000000000042e-03 2.760000000000000231e-01
1.000000000000000021e-03 0.000000000000000000e+00 0.000000000000000000e+00 3.940000000000000169e-01
2.999999999999999889e-02 0.000000000000000000e+00 0.000000000000000000e+00 6.000000000000000125e-03
0.000000000000000000e+00 1.650000000000000078e-01 5.600000000000000117e-02 1.400000000000000029e-02
1.200000000000000025e-02 1.000000000000000021e-03 0.000000000000000000e+00 0.000000000000000000e+00
6.000000000000000125e-03 1.499999999999999944e-02 1.000000000000000021e-03 1.000000000000000021e-03
5.470000000000000417e-01 1.469999999999999918e-01 1.610000000000000042e-01 4.610000000000000209e-01
4.069999999999999729e-01 1.019999999999999934e-01 1.120000000000000023e-01 1.899999999999999953e-02
6.000000000000000125e-03 0.000000000000000000e+00 0.000000000000000000e+00 0.000000000000000000e+00
3.300000000000000155e-02 0.000000000000000000e+00 0.000000000000000000e+00 0.000000000000000000e+00
2.000000000000000042e-03 1.200000000000000025e-02 0.000000000000000000e+00 0.000000000000000000e+00
6.900000000000000577e-02 2.700000000000000178e-01 2.299999999999999961e-02 1.719999999999999862e-01
1.000000000000000021e-03 1.429999999999999882e-01 0.000000000000000000e+00 0.000000000000000000e+00
6.660000000000000364e-01 5.000000000000000104e-03 6.500000000000000222e-02 3.850000000000000089e-01
1.620000000000000051e-01 3.420000000000000262e-01 1.200000000000000025e-02 1.899999999999999953e-02
1.000000000000000021e-03 4.000000000000000083e-03 0.000000000000000000e+00 2.000000000000000042e-03
0.000000000000000000e+00 7.000000000000000146e-03 0.000000000000000000e+00 0.000000000000000000e+00
0.000000000000000000e+00 1.499999999999999944e-02 0.000000000000000000e+00 0.000000000000000000e+00
2.030000000000000138e-01 2.000000000000000042e-03 2.000000000000000042e-03 2.439999999999999947e-01
1.299999999999999940e-02 2.800000000000000058e-02 1.499999999999999944e-02 1.000000000000000021e-03
0.000000000000000000e+00 0.000000000000000000e+00 0.000000000000000000e+00 0.000000000000000000e+00
0.000000000000000000e+00 0.000000000000000000e+00 0.000000000000000000e+00 0.000000000000000000e+00
6.000000000000000125e-03 0.000000000000000000e+00 0.000000000000000000e+00 0.000000000000000000e+00
0.000000000000000000e+00 0.000000000000000000e+00 0.000000000000000000e+00 0.000000000000000000e+00
2.199999999999999872e-02 5.299999999999999850e-02 0.000000000000000000e+00 8.999999999999999320e-03
0.000000000000000000e+00 0.000000000000000000e+00 0.000000000000000000e+00 0.000000000000000000e+00
0.000000000000000000e+00 0.000000000000000000e+00 0.000000000000000000e+00 0.000000000000000000e+00
0.000000000000000000e+00 1.390000000000000124e-01 0.000000000000000000e+00 0.000000000000000000e+00
0.000000000000000000e+00 2.500000000000000139e-02 0.000000000000000000e+00 0.000000000000000000e+00
0.000000000000000000e+00 2.710000000000000187e-01 0.000000000000000000e+00 0.000000000000000000e+00
0.000000000000000000e+00 1.000000000000000021e-03 1.299999999999999940e-02 6.000000000000000125e-03
2.000000000000000042e-03 0.000000000000000000e+00 2.000000000000000042e-03 0.000000000000000000e+00
0.000000000000000000e+00 7.000000000000000146e-03 0.000000000000000000e+00 0.000000000000000000e+00
6.000000000000000125e-03 3.669999999999999929e-01 1.400000000000000029e-02 0.000000000000000000e+00
1.600000000000000033e-02 8.699999999999999400e-02 8.999999999999999320e-03 0.000000000000000000e+00
3.500000000000000333e-02 1.059999999999999970e-01 1.199999999999999956e-01 2.000000000000000042e-03
4.420000000000000040e-01 2.869999999999999774e-01 1.099999999999999936e-02 1.000000000000000021e-03
0.000000000000000000e+00 6.000000000000000125e-03 0.000000000000000000e+00 0.000000000000000000e+00
0.000000000000000000e+00 2.000000000000000042e-03 0.000000000000000000e+00 0.000000000000000000e+00
0.000000000000000000e+00 2.959999999999999853e-01 0.000000000000000000e+00 0.000000000000000000e+00
1.000000000000000021e-03 6.000000000000000125e-03 7.000000000000000146e-03 1.000000000000000021e-03
1.000000000000000021e-03 0.000000000000000000e+00 2.199999999999999872e-02 2.100000000000000130e-02
0.000000000000000000e+00 1.000000000000000021e-03 0.000000000000000000e+00 0.000000000000000000e+00
0.000000000000000000e+00 2.900000000000000147e-02 0.000000000000000000e+00 0.000000000000000000e+00
0.000000000000000000e+00 2.500000000000000139e-02 0.000000000000000000e+00 0.000000000000000000e+00
0.000000000000000000e+00 0.000000000000000000e+00 3.009999999999999898e-01 0.000000000000000000e+00
0.000000000000000000e+00 0.000000000000000000e+00 0.000000000000000000e+00 0.000000000000000000e+00
0.000000000000000000e+00 0.000000000000000000e+00 0.000000000000000000e+00 0.000000000000000000e+00
1.600000000000000033e-02 0.000000000000000000e+00 0.000000000000000000e+00 0.000000000000000000e+00
1.000000000000000021e-03 0.000000000000000000e+00 0.000000000000000000e+00 0.000000000000000000e+00
0.000000000000000000e+00 0.000000000000000000e+00 1.600000000000000033e-02 0.000000000000000000e+00
1.000000000000000021e-03 2.000000000000000042e-03 0.000000000000000000e+00 0.000000000000000000e+00
0.000000000000000000e+00 0.000000000000000000e+00 0.000000000000000000e+00 0.000000000000000000e+00
6.000000000000000125e-03 8.000000000000000167e-03 0.000000000000000000e+00 0.000000000000000000e+00
0.000000000000000000e+00 0.000000000000000000e+00 2.000000000000000042e-03 0.000000000000000000e+00
0.000000000000000000e+00 1.000000000000000021e-03 0.000000000000000000e+00 0.000000000000000000e+00
0.000000000000000000e+00 0.000000000000000000e+00 0.000000000000000000e+00 0.000000000000000000e+00
1.000000000000000021e-03 0.000000000000000000e+00 0.000000000000000000e+00 0.000000000000000000e+00
0.000000000000000000e+00 0.000000000000000000e+00 0.000000000000000000e+00 2.299999999999999961e-02
1.590000000000000024e-01 5.919999999999999707e-01 0.000000000000000000e+00 0.000000000000000000e+00
0.000000000000000000e+00 0.000000000000000000e+00 2.000000000000000042e-03 0.000000000000000000e+00
3.469999999999999751e-01 2.320000000000000118e-01 0.000000000000000000e+00 0.000000000000000000e+00
8.999999999999999320e-03 0.000000000000000000e+00 0.000000000000000000e+00 1.000000000000000021e-03
1.299999999999999940e-02 0.000000000000000000e+00 0.000000000000000000e+00 2.100000000000000130e-02
0.000000000000000000e+00 0.000000000000000000e+00 0.000000000000000000e+00 0.000000000000000000e+00
0.000000000000000000e+00 0.000000000000000000e+00 0.000000000000000000e+00 0.000000000000000000e+00
0.000000000000000000e+00 0.000000000000000000e+00 0.000000000000000000e+00 0.000000000000000000e+00
1.150000000000000050e-01 2.560000000000000053e-01 0.000000000000000000e+00 5.000000000000000104e-03
0.000000000000000000e+00 0.000000000000000000e+00 0.000000000000000000e+00 0.000000000000000000e+00
0.000000000000000000e+00 0.000000000000000000e+00 0.000000000000000000e+00 2.800000000000000058e-02
0.000000000000000000e+00 3.000000000000000062e-03 1.000000000000000021e-03 0.000000000000000000e+00
0.000000000000000000e+00 0.000000000000000000e+00 0.000000000000000000e+00 0.000000000000000000e+00
0.000000000000000000e+00 0.000000000000000000e+00 0.000000000000000000e+00 0.000000000000000000e+00
1.000000000000000021e-03 2.000000000000000042e-02 0.000000000000000000e+00 0.000000000000000000e+00
5.800000000000000294e-02 0.000000000000000000e+00 0.000000000000000000e+00 2.359999999999999876e-01
0.000000000000000000e+00 0.000000000000000000e+00 1.000000000000000021e-03 0.000000000000000000e+00
0.000000000000000000e+00 0.000000000000000000e+00 1.099999999999999936e-02 0.000000000000000000e+00
0.000000000000000000e+00 0.000000000000000000e+00 0.000000000000000000e+00 0.000000000000000000e+00
0.000000000000000000e+00 1.000000000000000021e-03 0.000000000000000000e+00 0.000000000000000000e+00
4.000000000000000083e-03 3.099999999999999978e-02 4.600000000000000200e-01 3.000000000000000062e-03
0.000000000000000000e+00 3.000000000000000062e-03 8.000000000000000167e-03 0.000000000000000000e+00
1.200000000000000025e-02 0.000000000000000000e+00 0.000000000000000000e+00 0.000000000000000000e+00
8.400000000000000522e-02 3.599999999999999728e-02 1.000000000000000021e-03 8.999999999999999667e-02
1.000000000000000021e-02 1.400000000000000029e-02 0.000000000000000000e+00 2.699999999999999969e-02
0.000000000000000000e+00 3.000000000000000062e-03 0.000000000000000000e+00 3.200000000000000067e-02
1.499999999999999944e-02 0.000000000000000000e+00 0.000000000000000000e+00 0.000000000000000000e+00
0.000000000000000000e+00 0.000000000000000000e+00 0.000000000000000000e+00 0.000000000000000000e+00
0.000000000000000000e+00 2.000000000000000042e-03 0.000000000000000000e+00 1.299999999999999940e-02
2.000000000000000042e-03 0.000000000000000000e+00 0.000000000000000000e+00 0.000000000000000000e+00
1.000000000000000021e-03 2.000000000000000042e-03 3.000000000000000062e-03 2.000000000000000042e-03
2.000000000000000042e-03 8.999999999999999320e-03 8.000000000000000167e-03 2.000000000000000042e-03
7.000000000000000666e-02 6.300000000000000044e-02 3.899999999999999994e-02 1.340000000000000080e-01
0.000000000000000000e+00 2.000000000000000042e-03 0.000000000000000000e+00 2.000000000000000042e-03
2.500000000000000139e-02 1.350000000000000089e-01 4.600000000000000200e-01 9.700000000000000289e-02
2.999999999999999889e-02 1.000000000000000021e-03 1.700000000000000122e-02 4.900000000000000189e-02
1.940000000000000058e-01 0.000000000000000000e+00 2.199999999999999872e-02 1.670000000000000095e-01
0.000000000000000000e+00 2.299999999999999961e-02 5.320000000000000284e-01 0.000000000000000000e+00
2.000000000000000042e-03 4.369999999999999996e-01 3.439999999999999725e-01 6.490000000000000213e-01
0.000000000000000000e+00 8.000000000000000167e-03 7.000000000000000146e-03 1.299999999999999940e-02
4.000000000000000083e-03 1.829999999999999960e-01 4.769999999999999796e-01 3.709999999999999964e-01
2.699999999999999969e-02 4.219999999999999862e-01 2.700000000000000178e-01 1.370000000000000107e-01
0.000000000000000000e+00 0.000000000000000000e+00 0.000000000000000000e+00 0.000000000000000000e+00
1.280000000000000027e-01 2.000000000000000042e-03 0.000000000000000000e+00 5.399999999999999939e-02
0.000000000000000000e+00 0.000000000000000000e+00 0.000000000000000000e+00 0.000000000000000000e+00
6.099999999999999867e-02 1.089999999999999997e-01 6.949999999999999512e-01 8.770000000000000018e-01
8.999999999999999320e-03 4.000000000000000083e-03 2.000000000000000042e-02 2.400000000000000050e-02
2.400000000000000050e-02 1.000000000000000021e-02 8.999999999999999320e-03 5.000000000000000278e-02
3.500000000000000333e-02 4.800000000000000100e-02 4.100000000000000172e-02 3.599999999999999728e-02
0.000000000000000000e+00 0.000000000000000000e+00 0.000000000000000000e+00 0.000000000000000000e+00
0.000000000000000000e+00 0.000000000000000000e+00 0.000000000000000000e+00 0.000000000000000000e+00
2.500000000000000000e-01 4.100000000000000172e-02 1.400000000000000029e-02 3.099999999999999978e-02
1.859999999999999987e-01 6.850000000000000533e-01 3.539999999999999813e-01 2.210000000000000020e-01
0.000000000000000000e+00 2.199999999999999872e-02 0.000000000000000000e+00 0.000000000000000000e+00
0.000000000000000000e+00 3.200000000000000067e-02 0.000000000000000000e+00 0.000000000000000000e+00
8.999999999999999320e-03 2.800000000000000058e-02 7.900000000000000078e-02 6.099999999999999867e-02
5.000000000000000104e-03 2.500000000000000139e-02 1.000000000000000021e-03 0.000000000000000000e+00
4.800000000000000100e-02 3.500000000000000333e-02 1.000000000000000021e-03 0.000000000000000000e+00
9.400000000000000022e-02 1.079999999999999988e-01 1.509999999999999953e-01 4.380000000000000004e-01
6.500000000000000222e-02 3.009999999999999898e-01 3.420000000000000262e-01 1.880000000000000004e-01
0.000000000000000000e+00 0.000000000000000000e+00 0.000000000000000000e+00 0.000000000000000000e+00
0.000000000000000000e+00 0.000000000000000000e+00 0.000000000000000000e+00 0.000000000000000000e+00
1.799999999999999864e-02 4.809999999999999831e-01 1.829999999999999960e-01 3.400000000000000244e-01
8.699999999999999400e-02 7.699999999999999900e-02 2.099999999999999922e-01 1.089999999999999997e-01
0.000000000000000000e+00 0.000000000000000000e+00 0.000000000000000000e+00 0.000000000000000000e+00
0.000000000000000000e+00 2.000000000000000042e-03 0.000000000000000000e+00 0.000000000000000000e+00
3.000000000000000062e-03 1.110000000000000014e-01 5.899999999999999689e-02 4.499999999999999833e-02
2.000000000000000042e-03 2.100000000000000130e-02 1.000000000000000021e-03 0.000000000000000000e+00
4.000000000000000083e-02 6.300000000000000044e-02 6.000000000000000125e-03 3.300000000000000155e-02
0.000000000000000000e+00 0.000000000000000000e+00 0.000000000000000000e+00 0.000000000000000000e+00
3.430000000000000271e-01 2.199999999999999872e-02 9.800000000000000377e-02 1.640000000000000069e-01
2.660000000000000142e-01 1.049999999999999961e-01 8.000000000000000167e-03 1.189999999999999947e-01
0.000000000000000000e+00 0.000000000000000000e+00 0.000000000000000000e+00 0.000000000000000000e+00
5.899999999999999689e-02 2.100000000000000130e-02 7.499999999999999722e-02 2.000000000000000042e-03
0.000000000000000000e+00 0.000000000000000000e+00 0.000000000000000000e+00 0.000000000000000000e+00
2.500000000000000139e-02 2.650000000000000133e-01 2.349999999999999867e-01 7.199999999999999456e-02
7.000000000000000146e-03 3.799999999999999906e-02 2.129999999999999949e-01 3.870000000000000107e-01
4.399999999999999745e-02 0.000000000000000000e+00 0.000000000000000000e+00 1.700000000000000122e-02
1.990000000000000102e-01 1.099999999999999936e-02 2.119999999999999940e-01 2.699999999999999969e-02
8.000000000000000167e-03 0.000000000000000000e+00 0.000000000000000000e+00 1.600000000000000033e-02
2.000000000000000042e-03 1.899999999999999953e-02 2.900000000000000147e-02 0.000000000000000000e+00
1.000000000000000021e-03 2.119999999999999940e-01 4.700000000000000011e-02 0.000000000000000000e+00
5.000000000000000278e-02 2.199999999999999872e-02 6.500000000000000222e-02 6.000000000000000125e-03
4.399999999999999745e-02 1.970000000000000084e-01 3.400000000000000244e-02 8.500000000000000611e-02
0.000000000000000000e+00 3.400000000000000244e-02 3.099999999999999978e-02 6.000000000000000125e-03
1.940000000000000058e-01 1.000000000000000056e-01 1.400000000000000133e-01 2.479999999999999982e-01
1.000000000000000021e-03 0.000000000000000000e+00 0.000000000000000000e+00 6.000000000000000125e-03
2.800000000000000058e-02 1.749999999999999889e-01 1.380000000000000115e-01 1.409999999999999865e-01
8.999999999999999320e-03 2.740000000000000213e-01 6.580000000000000293e-01 1.900000000000000022e-01
1.370000000000000107e-01 1.880000000000000004e-01 1.519999999999999962e-01 9.500000000000000111e-02
5.000000000000000104e-03 1.200000000000000025e-02 6.000000000000000125e-03 1.110000000000000014e-01
0.000000000000000000e+00 0.000000000000000000e+00 0.000000000000000000e+00 0.000000000000000000e+00
1.000000000000000021e-03 0.000000000000000000e+00 0.000000000000000000e+00 0.000000000000000000e+00
2.299999999999999961e-02 1.799999999999999864e-02 5.500000000000000028e-02 0.000000000000000000e+00
0.000000000000000000e+00 0.000000000000000000e+00 1.000000000000000021e-03 1.099999999999999936e-02
0.000000000000000000e+00 3.930000000000000160e-01 1.479999999999999927e-01 3.300000000000000155e-02
1.000000000000000021e-03 8.999999999999999320e-03 0.000000000000000000e+00 7.000000000000000146e-03
0.000000000000000000e+00 6.000000000000000125e-03 0.000000000000000000e+00 3.000000000000000062e-03
2.000000000000000042e-03 1.000000000000000021e-03 1.000000000000000021e-03 3.599999999999999728e-02
2.000000000000000042e-03 4.000000000000000083e-03 1.099999999999999936e-02 2.199999999999999872e-02
2.500000000000000139e-02 6.400000000000000133e-02 6.099999999999999867e-02 1.940000000000000058e-01
2.900000000000000147e-02 1.650000000000000078e-01 2.250000000000000056e-01 1.039999999999999952e-01
0.000000000000000000e+00 0.000000000000000000e+00 0.000000000000000000e+00 0.000000000000000000e+00
0.000000000000000000e+00 0.000000000000000000e+00 0.000000000000000000e+00 1.000000000000000021e-03
0.000000000000000000e+00 0.000000000000000000e+00 0.000000000000000000e+00 0.000000000000000000e+00
0.000000000000000000e+00 0.000000000000000000e+00 0.000000000000000000e+00 2.299999999999999961e-02
0.000000000000000000e+00 0.000000000000000000e+00 0.000000000000000000e+00 0.000000000000000000e+00
0.000000000000000000e+00 0.000000000000000000e+00 0.000000000000000000e+00 0.000000000000000000e+00
0.000000000000000000e+00 0.000000000000000000e+00 0.000000000000000000e+00 1.000000000000000021e-03
0.000000000000000000e+00 8.000000000000000167e-03 1.000000000000000021e-02 7.000000000000000146e-03
4.000000000000000083e-03 2.800000000000000058e-02 3.799999999999999906e-02 8.799999999999999489e-02
4.000000000000000083e-03 2.939999999999999836e-01 1.960000000000000075e-01 6.000000000000000125e-03
0.000000000000000000e+00 0.000000000000000000e+00 0.000000000000000000e+00 0.000000000000000000e+00
0.000000000000000000e+00 0.000000000000000000e+00 0.000000000000000000e+00 0.000000000000000000e+00
0.000000000000000000e+00 3.000000000000000062e-03 1.000000000000000021e-03 0.000000000000000000e+00
0.000000000000000000e+00 8.999999999999999320e-03 1.299999999999999940e-02 0.000000000000000000e+00
9.299999999999999933e-02 1.799999999999999933e-01 8.999999999999999667e-02 8.200000000000000344e-02
8.000000000000000167e-03 5.099999999999999672e-02 2.100000000000000130e-02 1.099999999999999936e-02
5.000000000000000104e-03 0.000000000000000000e+00 8.000000000000000167e-03 4.499999999999999833e-02
0.000000000000000000e+00 2.000000000000000042e-03 1.600000000000000033e-02 1.000000000000000021e-02
1.099999999999999936e-02 0.000000000000000000e+00 0.000000000000000000e+00 8.000000000000000167e-03
0.000000000000000000e+00 0.000000000000000000e+00 3.000000000000000062e-03 0.000000000000000000e+00
1.000000000000000021e-03 5.000000000000000104e-03 5.000000000000000104e-03 2.199999999999999872e-02
7.000000000000000146e-03 3.649999999999999911e-01 2.540000000000000036e-01 3.679999999999999938e-01
2.199999999999999872e-02 3.569999999999999840e-01 1.360000000000000098e-01 1.330000000000000071e-01
1.000000000000000021e-03 3.739999999999999991e-01 4.289999999999999925e-01 1.099999999999999936e-02
0.000000000000000000e+00 0.000000000000000000e+00 0.000000000000000000e+00 0.000000000000000000e+00
4.000000000000000083e-02 1.899999999999999953e-02 6.000000000000000125e-03 8.080000000000000515e-01
0.000000000000000000e+00 2.859999999999999765e-01 3.799999999999999906e-02 0.000000000000000000e+00
0.000000000000000000e+00 0.000000000000000000e+00 7.199999999999999456e-02 8.000000000000000167e-03
8.000000000000000167e-03 0.000000000000000000e+00 0.000000000000000000e+00 2.599999999999999881e-02
0.000000000000000000e+00 9.299999999999999933e-02 1.719999999999999862e-01 0.000000000000000000e+00
0.000000000000000000e+00 8.100000000000000255e-02 0.000000000000000000e+00 0.000000000000000000e+00
0.000000000000000000e+00 6.000000000000000125e-03 4.000000000000000083e-03 0.000000000000000000e+00
0.000000000000000000e+00 0.000000000000000000e+00 0.000000000000000000e+00 0.000000000000000000e+00
0.000000000000000000e+00 1.000000000000000056e-01 0.000000000000000000e+00 0.000000000000000000e+00
0.000000000000000000e+00 0.000000000000000000e+00 0.000000000000000000e+00 0.000000000000000000e+00
2.000000000000000042e-03 3.000000000000000062e-03 0.000000000000000000e+00 0.000000000000000000e+00
2.000000000000000042e-03 2.000000000000000042e-03 0.000000000000000000e+00 0.000000000000000000e+00
0.000000000000000000e+00 0.000000000000000000e+00 0.000000000000000000e+00 0.000000000000000000e+00
0.000000000000000000e+00 0.000000000000000000e+00 0.000000000000000000e+00 2.560000000000000053e-01
3.000000000000000062e-03 8.500000000000000611e-02 1.200000000000000025e-02 0.000000000000000000e+00
0.000000000000000000e+00 0.000000000000000000e+00 0.000000000000000000e+00 3.000000000000000062e-03
0.000000000000000000e+00 6.700000000000000400e-01 0.000000000000000000e+00 0.000000000000000000e+00
0.000000000000000000e+00 0.000000000000000000e+00 0.000000000000000000e+00 3.000000000000000062e-03
1.000000000000000021e-03 0.000000000000000000e+00 1.000000000000000021e-03 2.800000000000000058e-02
0.000000000000000000e+00 0.000000000000000000e+00 0.000000000000000000e+00 1.299999999999999940e-02
0.000000000000000000e+00 0.000000000000000000e+00 5.000000000000000104e-03 0.000000000000000000e+00
0.000000000000000000e+00 0.000000000000000000e+00 1.000000000000000021e-03 3.000000000000000062e-03
0.000000000000000000e+00 0.000000000000000000e+00 0.000000000000000000e+00 0.000000000000000000e+00
0.000000000000000000e+00 0.000000000000000000e+00 4.000000000000000083e-03 2.400000000000000050e-02
1.370000000000000107e-01 3.400000000000000244e-01 0.000000000000000000e+00 0.000000000000000000e+00
0.000000000000000000e+00 1.400000000000000029e-02 0.000000000000000000e+00 0.000000000000000000e+00
1.000000000000000021e-03 1.700000000000000122e-02 0.000000000000000000e+00 0.000000000000000000e+00
0.000000000000000000e+00 0.000000000000000000e+00 1.000000000000000021e-03 0.000000000000000000e+00
2.000000000000000042e-03 4.000000000000000083e-03 5.800000000000000294e-02 1.099999999999999936e-02
1.219999999999999973e-01 5.800000000000000294e-02 4.819999999999999840e-01 8.899999999999999578e-02
0.000000000000000000e+00 0.000000000000000000e+00 0.000000000000000000e+00 4.000000000000000083e-03
0.000000000000000000e+00 0.000000000000000000e+00 0.000000000000000000e+00 0.000000000000000000e+00
0.000000000000000000e+00 1.000000000000000021e-03 0.000000000000000000e+00 0.000000000000000000e+00
0.000000000000000000e+00 0.000000000000000000e+00 1.000000000000000021e-03 0.000000000000000000e+00
0.000000000000000000e+00 0.000000000000000000e+00 0.000000000000000000e+00 7.699999999999999900e-02
1.749999999999999889e-01 5.600000000000000117e-02 7.000000000000000146e-03 5.800000000000000294e-02
0.000000000000000000e+00 0.000000000000000000e+00 0.000000000000000000e+00 0.000000000000000000e+00
0.000000000000000000e+00 0.000000000000000000e+00 0.000000000000000000e+00 0.000000000000000000e+00
1.000000000000000021e-03 2.000000000000000042e-03 5.000000000000000104e-03 9.500000000000000111e-02
0.000000000000000000e+00 0.000000000000000000e+00 1.000000000000000021e-03 1.690000000000000113e-01
1.400000000000000029e-02 1.200000000000000025e-02 1.099999999999999936e-02 1.299999999999999940e-02
0.000000000000000000e+00 1.000000000000000021e-03 0.000000000000000000e+00 0.000000000000000000e+00
0.000000000000000000e+00 0.000000000000000000e+00 0.000000000000000000e+00 0.000000000000000000e+00
9.900000000000000466e-02 3.500000000000000333e-02 7.000000000000000146e-03 0.000000000000000000e+00
0.000000000000000000e+00 6.400000000000000133e-02 0.000000000000000000e+00 7.699999999999999900e-02
0.000000000000000000e+00 6.000000000000000125e-03 3.000000000000000062e-03 0.000000000000000000e+00
0.000000000000000000e+00 0.000000000000000000e+00 7.000000000000000146e-03 0.000000000000000000e+00
0.000000000000000000e+00 1.400000000000000029e-02 0.000000000000000000e+00 0.000000000000000000e+00
3.400000000000000244e-02 5.000000000000000104e-03 1.200000000000000025e-02 0.000000000000000000e+00
0.000000000000000000e+00 0.000000000000000000e+00 0.000000000000000000e+00 0.000000000000000000e+00
5.000000000000000104e-03 1.350000000000000089e-01 3.500000000000000333e-02 0.000000000000000000e+00
0.000000000000000000e+00 0.000000000000000000e+00 0.000000000000000000e+00 0.000000000000000000e+00
2.000000000000000042e-03 1.519999999999999962e-01 3.799999999999999906e-02 1.700000000000000122e-02
1.400000000000000029e-02 1.140000000000000041e-01 6.099999999999999867e-02 1.700000000000000122e-02
1.000000000000000021e-03 1.000000000000000021e-03 1.700000000000000122e-02 1.700000000000000122e-02
1.049999999999999961e-01 7.099999999999999367e-02 4.689999999999999725e-01 4.020000000000000240e-01
7.199999999999999456e-02 0.000000000000000000e+00 2.100000000000000130e-02 0.000000000000000000e+00
0.000000000000000000e+00 2.000000000000000042e-02 2.459999999999999964e-01 0.000000000000000000e+00
9.900000000000000466e-02 4.399999999999999745e-02 1.400000000000000029e-02 8.999999999999999320e-03
3.000000000000000062e-03 5.500000000000000028e-02 2.500000000000000139e-02 0.000000000000000000e+00
0.000000000000000000e+00 0.000000000000000000e+00 0.000000000000000000e+00 0.000000000000000000e+00
0.000000000000000000e+00 0.000000000000000000e+00 0.000000000000000000e+00 0.000000000000000000e+00
0.000000000000000000e+00 3.000000000000000062e-03 0.000000000000000000e+00 0.000000000000000000e+00
0.000000000000000000e+00 0.000000000000000000e+00 0.000000000000000000e+00 0.000000000000000000e+00
0.000000000000000000e+00 0.000000000000000000e+00 1.000000000000000021e-03 0.000000000000000000e+00
1.000000000000000021e-03 0.000000000000000000e+00 0.000000000000000000e+00 0.000000000000000000e+00
0.000000000000000000e+00 0.000000000000000000e+00 0.000000000000000000e+00 0.000000000000000000e+00
0.000000000000000000e+00 0.000000000000000000e+00 0.000000000000000000e+00 0.000000000000000000e+00
0.000000000000000000e+00 0.000000000000000000e+00 3.119999999999999996e-01 7.900000000000000355e-01
0.000000000000000000e+00 0.000000000000000000e+00 4.800000000000000100e-02 4.000000000000000083e-03
0.000000000000000000e+00 0.000000000000000000e+00 0.000000000000000000e+00 0.000000000000000000e+00
0.000000000000000000e+00 0.000000000000000000e+00 0.000000000000000000e+00 0.000000000000000000e+00
0.000000000000000000e+00 0.000000000000000000e+00 0.000000000000000000e+00 0.000000000000000000e+00
0.000000000000000000e+00 0.000000000000000000e+00 0.000000000000000000e+00 0.000000000000000000e+00
0.000000000000000000e+00 0.000000000000000000e+00 7.000000000000000146e-03 2.000000000000000042e-03
0.000000000000000000e+00 0.000000000000000000e+00 6.000000000000000125e-03 1.000000000000000021e-03
0.000000000000000000e+00 2.599999999999999881e-02 6.000000000000000125e-03 3.000000000000000062e-03
0.000000000000000000e+00 0.000000000000000000e+00 0.000000000000000000e+00 0.000000000000000000e+00
0.000000000000000000e+00 0.000000000000000000e+00 0.000000000000000000e+00 0.000000000000000000e+00
0.000000000000000000e+00 0.000000000000000000e+00 0.000000000000000000e+00 0.000000000000000000e+00
0.000000000000000000e+00 0.000000000000000000e+00 0.000000000000000000e+00 0.000000000000000000e+00
0.000000000000000000e+00 2.100000000000000130e-02 8.999999999999999320e-03 0.000000000000000000e+00
0.000000000000000000e+00 0.000000000000000000e+00 1.000000000000000021e-03 0.000000000000000000e+00
0.000000000000000000e+00 0.000000000000000000e+00 0.000000000000000000e+00 0.000000000000000000e+00
0.000000000000000000e+00 0.000000000000000000e+00 0.000000000000000000e+00 0.000000000000000000e+00
1.000000000000000021e-03 3.739999999999999991e-01 1.670000000000000095e-01 4.599999999999999922e-02
0.000000000000000000e+00 0.000000000000000000e+00 0.000000000000000000e+00 0.000000000000000000e+00
0.000000000000000000e+00 0.000000000000000000e+00 0.000000000000000000e+00 0.000000000000000000e+00
0.000000000000000000e+00 0.000000000000000000e+00 0.000000000000000000e+00 0.000000000000000000e+00
0.000000000000000000e+00 0.000000000000000000e+00 0.000000000000000000e+00 0.000000000000000000e+00
0.000000000000000000e+00 0.000000000000000000e+00 0.000000000000000000e+00 0.000000000000000000e+00
0.000000000000000000e+00 0.000000000000000000e+00 1.000000000000000021e-02 1.000000000000000021e-03
0.000000000000000000e+00 0.000000000000000000e+00 0.000000000000000000e+00 0.000000000000000000e+00
0.000000000000000000e+00 0.000000000000000000e+00 0.000000000000000000e+00 0.000000000000000000e+00
2.000000000000000042e-02 0.000000000000000000e+00 7.000000000000000146e-03 1.000000000000000021e-03
