 station@hdr_integer longitude@hdr:real latitude@hdr:real elevation@hdr:real ntot@body:integer n_good_years@body:integer
917920 -175.1500  -21.2300   38.1000  44919 23
917530 -176.1990  -13.2380   24.1000  47493 34
917650 -170.7140  -14.3310    3.7000  47680 25
703080 -170.2230   57.1550    8.0000  49521 34
702000 -165.4400   64.5110    5.4000  49639 34
703160 -162.7320   55.2210   22.0000  49421 34
702190 -161.8290   60.7850   32.6000  49578 34
701330 -162.6070   66.8860    3.4000  49575 34
918430 -159.8060  -21.2030    5.8000  46968 23
912850 -155.0490   19.7190    8.8000  49635 34
911650 -159.3390   21.9800   31.9000  49538 34
703260 -156.6560   58.6830   20.0000  48396 34
702310 -155.6100   62.9570  101.0000  48984 34
700260 -156.7390   71.2870    8.1000  49096 34
703500 -152.4880   57.7510    5.0000  49429 34
702730 -150.0280   61.1690   38.0000  49662 34
919540 -149.5240  -23.3650    2.1000  47807 34
919380 -149.6070  -17.5540    1.5000  49130 34
919430 -145.0330  -14.4830    3.0000  37709 20
703430 -146.3330   59.4330   30.5000  44330 34
702610 -147.8760   64.8030  131.1000  49653 34
700637 -148.4800   70.1910   17.7000  48582 34
919580 -144.3330  -27.6170    2.0000  48607 34
919250 -139.0330   -9.8000   53.0000  48527 34
703610 -139.6710   59.5120   12.6000  49084 34
719650 -135.8680   63.6160  503.8000  48627 34
919480 -134.9670  -23.1330   89.0000  47964 34
711010 -131.8000   53.2500    6.0000  48829 34
703810 -134.5560   58.3540    5.9000  49624 34
719490 -133.3500   62.2330  717.0000  47970 34
714820 -127.4670   52.1830   31.0000  47226 34
719530 -128.8230   60.1160  687.3000  48993 34
710430 -126.7990   65.2810   72.2000  49082 34
723940 -120.4520   34.8940   74.2000  49527 34
724940 -122.3660   37.6200    3.2000  49653 34
725970 -122.8770   42.3750  400.3000  49647 34
726980 -122.6090   45.5960    6.7000  49669 34
710500 -124.1330   52.1000  910.0000  46791 34
719460 -121.2370   61.7600  169.2000  48800 34
722900 -117.1830   32.7340    4.6000  49543 34
724880 -119.7680   39.5080 1342.5000  49654 34
726810 -116.2410   43.5670  860.5000  49651 34
727850 -117.5280   47.6220  717.7000  49653 34
718810 -116.4650   53.5790  926.9000  48899 34
719350 -115.7830   60.8330  165.5000  48911 34
722780 -112.0040   33.4280  339.2000  49664 34
724755 -113.0970   37.7070 1703.8000  49580 34
725720 -111.9650   40.7710 1288.4000  49668 34
727730 -114.0940   46.9210  973.8000  49653 34
711550 -113.6000   53.3000  715.0000  49175 34
715850 -111.2170   56.6500  369.0000  48743 34
713620 -111.9170   60.0170  203.0000  48875 34
764593 -106.2660   23.1610   11.6000  46942 34
722700 -106.3770   31.8120 1202.1000  49664 34
723650 -106.6150   35.0420 1618.4000  49671 34
725690 -106.4740   42.8980 1621.1000  49593 34
726770 -108.5460   45.8070 1094.3000  49654 34
714460 -107.7330   50.2670  825.0000  49080 34
719220 -105.2620   55.1510  378.6000  49128 34
719250 -105.0500   69.1330   25.0000  48723 34
766540 -104.3170   19.0500    3.0000  40994 24
766133 -103.3110   20.5220 1528.9000  46922 34
722610 -100.9270   29.3780  305.7000  49035 34
722670 -101.8230   33.6660  993.2000  49665 34
724660 -104.6890   38.8090 1884.2000  49652 34
725620 -100.6690   41.1220  841.9000  49646 34
727640 -100.7580   46.7820  503.2000  49355 34
718550 -100.0500   51.1000  305.0000  48822 34
714900 -102.4170   65.0830  244.0000  36386 17
768056  -99.7540   16.7570    4.0000  46555 30
722530  -98.4840   29.5440  243.6000  49667 34
722590  -97.0220   32.8970  165.7000  49671 34
724500  -97.4300   37.6480  401.7000  49667 34
726510  -96.7540   43.5780  432.4000  49661 34
727530  -96.8120   46.9240  272.8000  49477 34
714420  -97.5500   51.0830  253.0000  47312 34
713560  -96.0000   64.3170   51.0000  49026 34
722310  -90.2780   29.9980   -1.0000  49649 34
722480  -93.8240   32.4470   69.6000  49670 34
724460  -94.7310   39.2970  307.4000  49653 34
726580  -93.2310   44.8850  254.5000  49663 34
727450  -92.1870   46.8440  433.4000  49637 34
766440  -89.6580   20.9370   11.6000  47741 24
722280  -86.7450   33.5650  187.7000  49652 34
724380  -86.2820   39.7250  241.3000  49667 34
725330  -85.2060   40.9720  243.0000  49670 34
727440  -88.4810   47.1660  323.9000  48380 34
716971  -87.9300   52.2000  254.0000  46990 34
844010  -80.6160   -5.2060   35.4000  40992 30
722015  -81.6830   24.5830    1.8000  49609 34
722020  -80.3170   25.7880    1.4000  49663 34
722060  -81.6940   30.4950    7.2000  49671 34
724280  -82.8770   39.9910  246.8000  49666 34
725200  -80.2140   40.4850  341.0000  49670 34
726390  -83.5650   45.0720  208.3000  49468 34
718360  -80.6000   51.2830    9.1000  47744 34
710810  -81.2440   68.7760    8.2000  47374 34
846910  -76.2200  -13.7450   11.9000  48772 34
844520  -79.8280   -6.7870   29.6000  44975 30
787920  -79.3830    9.0710   41.1000  46196 34
783970  -76.7880   17.9360    3.0000  47409 34
780730  -77.4660   25.0390    4.9000  46677 34
723011  -77.9000   34.2680   11.6000  49622 34
724010  -77.3230   37.5120   50.7000  49666 34
725170  -75.4480   40.6500  117.4000  49516 34
717255  -78.8360   48.2060  301.1000  48784 34
710950  -77.9670   72.6830   55.2000  48904 34
859340  -70.8550  -53.0030   42.4000  48500 34
857990  -73.0940  -41.4390   89.6000  48803 34
856820  -73.0630  -36.7730    7.9000  49003 34
855740  -70.7860  -33.3930  474.0000  49225 34
854880  -71.2000  -29.9160  146.6000  47884 34
854420  -70.4450  -23.4440  138.7000  48640 34
854060  -70.3390  -18.3490   50.9000  48509 30
846860  -71.9390  -13.5360 3310.1001  46972 30
845150  -74.5740   -8.3780  156.4000  43775 30
843770  -73.3090   -3.7850   93.3000  48443 34
802220  -74.1470    4.7020 2548.3999  47445 34
724070  -74.5670   39.4520   17.8000  49359 34
725030  -73.8800   40.7790    3.0000  49671 34
717080  -71.3930   46.7910   74.4000  48755 34
879250  -69.3130  -51.6090   18.6000  48614 34
878600  -67.4660  -45.7850   57.9000  48789 34
878280  -65.2700  -43.2110   43.0000  47272 34
877150  -68.1560  -38.9490  272.8000  46670 34
874180  -68.7930  -32.8320  704.1000  48980 34
871210  -65.1050  -26.8410  455.7000  48501 34
870460  -65.0980  -24.3930  920.2000  47280 34
852010  -68.1920  -16.5130 4061.5000  48712 34
804150  -66.9910   10.6030   71.6000  45371 34
785260  -66.0000   18.4170    4.0000  49575 34
726071  -68.8190   44.7980   58.5000  48979 34
727120  -68.0170   46.8700  188.6000  49589 34
712790  -66.2500   50.2170   53.0000  48587 34
719090  -68.5560   63.7560   22.0000  48493 34
710900  -68.5170   70.4860   26.5000  48275 34
042020  -68.7030   76.5310   76.5000  48204 34
877500  -62.1690  -38.7250   75.0000  47577 34
873440  -64.2080  -31.3240  488.9000  48956 34
871290  -64.3100  -27.7660  199.9000  46373 34
852440  -63.1350  -17.6450  373.4000  48603 34
821110  -60.0500   -3.0390   80.5000  47762 34
820220  -60.6900    2.8460   84.1000  47705 34
789700  -61.3370   10.5950   17.7000  46966 24
788620  -61.7930   17.1370   18.9000  45138 34
717190  -64.5000   48.0170    4.0000  47380 34
718130  -61.8000   50.1830   11.0000  48157 34
710820  -62.3330   82.5000   31.0000  32577 17
890560  -58.9830  -62.1830   48.0000  46222 34
888890  -58.4470  -51.8230   74.4000  47563 34
876920  -57.5730  -37.9340   21.6000  47919 34
865800  -56.0310  -34.8380   32.0000  49274 34
871550  -59.0560  -27.4500   52.7000  49134 34
823320  -59.9860   -3.1460   81.4000  45902 34
789540  -59.4920   13.0750   51.5000  46759 34
714080  -55.7830   47.3670   60.0000  39577 28
718140  -59.6330   50.4500    8.0000  45972 34
870970  -54.4730  -25.7370  279.2000  48848 34
836120  -54.6730  -20.4690  558.7000  49103 34
822440  -54.7930   -2.4220   60.4000  47611 34
820980  -51.0720    0.0510   17.1000  47806 34
714020  -54.8000   49.6830   92.0000  46348 34
042500  -51.7500   64.1670   84.0000  48754 34
042310  -50.6890   67.0170   50.3000  49263 34
838990  -48.5470  -27.6700    6.1000  48655 34
837800  -46.6550  -23.6270  801.9000  48555 34
833780  -47.9130  -15.8630 1060.4000  48842 34
821930  -48.4760   -1.3790   16.5000  48589 34
042700  -45.4260   61.1610   34.1000  48532 34
837460  -43.2440  -22.8090    8.5000  48400 34
835870  -43.9690  -19.6340  827.5000  48561 34
825790  -42.8230   -5.0600   66.8000  48375 34
822810  -44.2340   -2.5850   54.3000  47793 34
832480  -38.3310  -12.9110   19.5000  48218 34
825990  -35.2480   -5.9110   51.5000  48221 34
823980  -38.5330   -3.7760   25.0000  48381 34
043600  -37.6330   65.6000   52.0000  44399 24
828990  -34.9240   -8.1260   10.1000  48008 34
085090  -27.0910   38.7620   54.9000  49461 34
085940  -22.9490   16.7410   53.9000  46543 34
040300  -21.9410   64.1300   14.6000  49450 34
040050  -23.2500   66.1500   24.0000  47843 34
616410  -17.4900   14.7400   25.9000  49003 34
614420  -15.9480   18.0980    2.1000  41448 28
614150  -17.0300   20.9330    4.9000  43409 34
600300  -15.3870   27.9320   23.8000  49354 34
085210  -16.7670   32.6830   58.0000  49199 34
040820  -15.2270   64.2960    7.3000  45255 21
040630  -18.0730   65.6600    1.8000  49264 34
043200  -18.6670   76.7670   12.0000  47074 34
619020  -14.3940   -7.9700   84.7000  45325 28
039530  -10.2500   51.9330   30.0000  48691 34
040970  -13.5830   65.2670   11.0000  48687 34
689060   -9.8830  -40.3500   54.0000  45622 34
619010   -5.6670  -15.9330  436.0000  43820 34
612910   -7.9500   12.5340  380.1000  47532 34
602300   -8.0360   31.6070  467.9000  49079 34
085540   -7.9660   37.0140    7.3000  49521 34
085450   -8.6810   41.2480   69.5000  49439 34
071000   -5.0500   48.4830   68.0000  48113 34
039170   -6.2160   54.6580   81.7000  49388 34
030260   -6.3310   58.2160    7.9000  49253 34
060110   -6.7670   62.0170   61.0000  44336 31
010010   -8.6670   70.9330    9.0000  47994 32
655780   -3.9260    5.2610    6.4000  45167 20
655100   -4.3310   11.1600  460.6000  45027 34
601410   -4.9780   33.9270  579.1000  48446 34
083600   -0.5580   38.2820   43.3000  49490 34
081600   -1.0420   41.6660  263.0000  49536 34
038940   -2.6020   49.4350  102.4000  49316 34
037720   -0.4610   51.4780   25.3000  49536 34
031350   -4.5870   55.5090   19.8000  49471 34
030050   -1.1830   60.1330   84.0000  48986 34
653440    2.3840    6.3570    5.8000  46509 34
610520    2.1840   13.4820  223.1000  47579 34
606300    2.5000   27.2330  269.0000  47695 34
605660    3.7940   32.3840  460.9000  48123 34
083060    2.7330   39.5500    8.0000  49489 34
081810    2.0780   41.2970    3.7000  49507 34
071570    2.5500   49.0130  119.5000  49524 34
062400    4.7640   52.3090   -3.4000  49549 34
014033    3.2500   56.5500   48.8000  43732 27
013755    2.0330   61.0330   10.0000  46283 34
606800    5.4330   22.8000 1364.0000  48711 34
606110    9.6430   28.0520  563.0000  48025 34
607600    8.1110   33.9400   87.5000  48425 34
604190    6.6200   36.2760  690.4000  49160 34
076500    5.2140   43.4360   22.6000  49465 34
067000    6.1090   46.2380  430.1000  49517 34
063800    5.7700   50.9120  114.3000  49532 34
014150    5.6380   58.8770    8.8000  49390 34
013110    5.2180   60.2930   51.8000  49214 34
610960   11.9830   13.2330  338.0000  42390 30
607690   10.7750   33.8750    5.8000  49291 34
607150   10.2270   36.8510    6.7000  49258 34
161580   10.3930   43.6840    1.8000  49224 34
111500   13.0040   47.7930  430.1000  49404 34
115180   14.2600   50.1010  380.1000  49554 34
061800   12.6560   55.6180    5.2000  49413 34
013840   11.1000   60.1940  207.6000  49512 34
011520   14.3650   67.2690   12.8000  49420 34
688160   18.6020  -33.9650   46.0000  49193 34
685120   17.9400  -29.6890  819.9000  48316 34
166410   19.9120   39.6020    1.8000  49340 34
163200   17.9470   40.6580   14.3000  48984 34
118160   17.2130   48.1700  132.9000  49524 34
123300   16.8260   52.4210   93.9000  49478 34
026640   15.2650   56.2670   58.2000  49238 34
023660   17.4440   62.5280    4.9000  49335 34
010100   16.1440   69.2930   13.1000  49414 34
010280   19.0170   74.5170   18.0000  45868 32
010080   15.4660   78.2460   26.8000  48862 34
684240   21.2600  -28.3990  850.7000  48645 34
620530   20.2690   32.0970  132.0000  37849 21
166820   21.2930   37.9210   16.8000  49286 34
132720   20.3090   44.8180  102.1000  48978 34
152000   21.2620   46.1770  107.3000  49445 34
123750   20.9670   52.1660  110.3000  49554 34
264220   23.9670   56.9170   26.0000  49257 34
029740   24.9630   60.3170   54.6000  49538 34
021860   22.1220   65.5440   19.8000  49225 34
010550   23.9830   71.1000   14.2000  46028 32
688420   25.6170  -33.9850   68.9000  48772 34
684420   26.3020  -29.0930 1358.8000  48526 34
623060   27.2220   31.3250   28.7000  48669 34
167490   28.0860   36.4050    5.8000  49414 34
154200   26.1020   44.5030   90.5000  49531 34
151500   26.9100   46.5220  185.0000  49049 34
267300   25.2860   54.6340  196.9000  49349 34
260590   28.6000   59.3670   19.0000  48895 34
029350   25.6780   62.3990  139.9000  48708 34
028360   26.6190   67.3950  183.5000  48770 34
010780   28.2330   71.1000   10.0000  45770 32
010620   25.0670   76.5000   10.0000  47170 32
685880   30.9510  -29.9700   10.1000  46123 31
679750   30.8590  -20.0550 1095.8000  32398 18
677750   31.0940  -17.9300 1489.6000  40313 18
637080   34.7290   -0.0860 1208.5000  44864 34
636610   34.9590    0.9720 1850.1000  42825 17
624050   32.7070   25.6710   89.6000  48753 34
176090   33.6250   34.8750    2.4000  49535 34
173000   30.8000   36.8990   53.9000  49430 34
339460   34.1330   44.6830  181.0000  48919 34
338370   30.6760   46.4270   52.4000  48861 34
330410   31.0170   52.5270  143.9000  49156 34
260630   30.2630   59.8000   24.1000  49117 34
228200   34.2670   61.8170  110.0000  48984 34
221130   32.7510   68.7820   81.1000  48911 34
010980   31.1000   70.3670   15.0000  44110 31
689940   37.8600  -46.8750   22.0000  45464 34
637400   36.9280   -1.3190 1623.7000  46833 34
636950   37.6500    0.0830 1554.0000  43017 34
410240   39.1570   21.6800   14.6000  49278 34
403750   36.6190   28.3650  777.5000  49191 34
403560   38.7310   31.6930  854.4000  48557 34
173500   35.4260   37.0020   72.5000  49308 34
170820   35.5220   40.8290  535.8000  47653 34
349290   39.1500   45.0330   34.0000  48395 34
340090   36.1670   51.7670  247.0000  48832 34
275185   37.2610   55.5920  208.8000  48955 34
228450   38.9330   61.5000  126.0000  48728 34
222350   37.0500   67.3500  156.0000  48934 34
411140   42.8040   18.2970 2065.8999  48873 34
410360   40.5440   21.4830 1477.7000  48536 34
403940   41.6860   27.4380 1015.3000  49060 34
171700   43.3320   38.4680 1670.3000  49073 34
370540   43.0820   44.2250  321.3000  48783 34
345600   44.3460   48.7830  146.9000  48917 34
279470   41.3330   52.8000  128.0000  48669 34
276650   44.5000   55.0330  219.0000  48539 34
225500   40.7170   64.6000   18.9000  47902 33
222710   44.1500   67.8830   18.0000  46067 34
670830   47.4790  -18.7970 1279.6000  46287 34
404370   46.6990   24.9580  624.5000  49120 34
407660   47.1580   34.3460 1305.8000  46645 34
407060   46.2350   38.1340 1359.1000  47431 34
374720   47.5000   43.0000  -18.6000  41061 25
348800   47.9830   46.2830  -21.6000  48728 34
276790   46.5830   54.8170  180.0000  46694 34
271960   49.6170   58.6500  147.0000  48764 34
228870   46.7170   61.2330   56.0000  48523 34
413160   54.0910   17.0390   22.3000  48114 34
412170   54.6510   24.4330   26.8000  49042 34
411500   50.6340   26.2710    1.8000  49064 34
408210   54.2770   31.9050 1235.7000  44593 34
407540   51.3130   35.6890 1207.6000  48164 34
385070   52.9830   40.0330   90.0000  48380 34
351080   51.5430   51.1510   38.1000  48633 34
284110   53.4500   56.8330  159.0000  48075 34
238040   50.8450   61.6470   98.8000  48569 34
234050   52.2670   65.4330   68.0000  48258 34
207440   52.7000   72.3670   19.0000  47740 34
619900   57.6840  -20.4300   56.7000  48204 34
619860   59.6170  -16.4500    4.0000  44797 33
619740   56.6000  -10.4330    4.0000  45510 22
639800   55.5220   -4.6740    3.0000  45708 34
412460   56.6500   24.4670    2.0000  47390 34
411940   55.3640   25.2550   10.4000  49137 34
408090   59.2660   32.8980 1509.4000  46398 34
388800   58.3610   37.9870  210.9000  48670 34
383920   59.8170   41.7500   82.0000  48240 34
359250   56.1170   45.4000   88.0000  47871 34
351210   55.4570   51.7960  118.0000  48988 34
286210   55.5330   55.4170  186.0000  45925 26
239140   56.5170   60.4000  207.0000  45435 32
234180   57.1330   65.1330   53.2000  48625 34
619880   63.3610  -19.7580   29.0000  46828 23
408560   60.9070   29.4760 1377.7000  46551 34
386870   63.6000   39.0830  190.0000  48470 34
384030   62.4670   41.7500   98.0000  48092 34
357460   61.6670   46.7830   56.0000  48503 34
289520   63.5500   53.2070  181.4000  48491 34
284400   60.8030   56.7430  232.9000  48934 34
239290   64.2170   60.3170   53.0000  46036 34
232260   64.0170   67.4830  172.0000  48588 34
417800   67.1610   24.9070   30.5000  45683 23
389270   67.3100   37.2870  313.0000  48347 34
384570   69.2810   41.2580  431.9000  48919 34
356710   67.7170   47.8000  346.0000  47471 34
350780   68.3670   51.8170  304.0000  47978 34
282750   68.2500   58.1500   50.0000  45827 23
239330   69.0860   61.0280   23.2000  48624 34
230320   66.8000   69.7170   25.0000  46872 34
619670   72.4000   -7.3000    4.3000  46747 34
432840   74.8900   12.9610  102.7000  46394 34
430030   72.8680   19.0890   11.3000  49004 34
426470   72.6350   23.0770   57.6000  48813 34
421650   73.3000   28.0000  224.0000  39506 26
420710   74.7970   31.7100  230.4000  45107 34
386180   71.7500   40.3670  603.5000  48560 34
353940   73.3340   49.6710  538.0000  48602 34
286980   73.3110   54.9670   94.8000  48516 34
283820   71.1830   57.6830   62.0000  42870 30
238490   73.4020   61.3440   61.0000  46739 34
433710   76.9500    8.4830   64.0000  47341 34
433440   78.7100   10.7650   87.8000  47526 34
431280   78.4610   17.4520  531.0000  48165 34
428670   79.0470   21.0920  314.9000  47495 34
421820   77.2060   28.5850  214.9000  47928 34
421010   76.4670   30.3330  251.0000  45618 34
517090   76.0200   39.5430 1380.4000  49269 34
517110   78.4500   40.9330 1986.0000  48786 34
357960   75.0830   46.8000  350.0000  48535 34
360030   77.0740   52.1950  125.0000  48941 34
291110   78.2330   59.2170   69.0000  48244 34
239550   77.8670   60.4330   48.0000  48808 34
232560   78.7330   67.4670    8.0000  47475 34
200690   76.9830   79.4830   10.0000  45226 32
432790   80.1810   12.9940   15.8000  48702 34
431850   81.1500   16.2000    3.0000  47499 34
426750   80.0520   23.1780  495.0000  41852 26
423690   80.8890   26.7610  125.0000  47704 34
552280   80.0830   32.5000 4280.0000  48123 34
516440   82.9500   41.7170 1100.0000  48971 34
512430   84.8500   45.6170  428.0000  49104 34
298380   83.5390   53.3640  255.1000  48915 34
292310   82.9500   58.3170   75.0000  48811 34
239660   84.0830   60.3500   99.0000  48064 34
206740   80.4000   73.5000   47.0000  48233 34
428090   88.4470   22.6550    4.9000  48495 34
555780   88.8830   29.2500 3837.0000  48253 34
554720   88.6330   30.9500 4670.0000  46552 33
517770   88.1670   39.0330  889.0000  48149 33
515730   89.2300   42.9500   39.3000  49121 34
510760   88.0830   47.7330  737.0000  49149 34
299560   89.9170   52.8000  455.0000  47995 34
293480   86.2170   57.0670  114.0000  47553 34
239730   89.6330   61.0330   49.0000  45792 25
234720   87.9890   65.7830   38.0000  48468 34
427240   91.2400   23.8870   14.0000  46500 34
555910   91.1330   29.6670 3650.0000  48461 34
560040   92.4330   34.2170 4535.0000  48937 34
526020   93.3830   38.8330 2771.0000  49111 34
522030   93.5170   42.8170  739.0000  49054 34
512880   90.5330   45.3670 1651.0000  48232 33
297660   92.1330   54.3670  282.0000  48313 34
292630   92.1500   58.4500   78.0000  48434 34
238840   90.0170   61.6000   58.0000  47883 34
233830   93.4670   66.8830  278.0000  40789 25
200870   90.5670   79.5500    8.0000  47964 34
485650   98.3170    8.1130   25.0000  49482 34
485000   99.8050   11.7880    3.0000  48736 34
483270   98.9630   18.7670  315.8000  49567 34
567390   98.5000   24.9830 1696.9000  49106 34
564440   98.8830   28.4500 3320.0000  48848 34
560290   96.9500   33.0170 3682.0000  49141 34
527130   95.3670   37.8500 3174.0000  49109 34
523230   97.0330   41.8000 1770.0000  49129 34
442770   96.2500   46.4000 2181.0000  48171 34
442030   99.6670   51.1170 1583.0000  46456 34
295810   95.6330   56.2000  207.0000  48212 34
486980  103.9940    1.3500    6.7000  49569 34
485690  100.3930    6.9330   27.4000  49509 34
484560  100.6070   13.9130    2.7000  48925 34
484070  104.8700   15.2510  123.7000  48925 34
567780  102.7440   24.9920 1894.9000  49354 34
567510  100.1830   25.7000 1992.0000  49078 34
560960  104.9170   33.4000 1079.0000  48988 34
528660  101.7670   36.6170 2262.0000  49088 34
524950  104.5000   40.7500 1329.0000  48341 34
442880  102.7830   46.2670 1813.0000  48085 34
307100  104.3890   52.2680  510.5000  48914 34
303090  101.6980   56.3710  490.7000  48702 34
208910  102.4670   71.9830   33.0000  46403 34
202920  104.3000   77.7170   15.0000  46633 34
489140  105.1500    9.1830    2.0000  47027 34
489000  106.6520   10.8190   10.1000  49138 34
598380  108.6170   19.1000    8.0000  49051 34
594310  108.1720   22.6080  128.3000  49249 34
575160  106.6420   29.7190  416.1000  49316 34
572450  109.0330   32.7170  291.0000  49131 34
536140  106.2170   38.4830 1112.0000  49135 34
532310  106.3830   41.4500 1510.0000  49116 34
442920  106.7670   47.8430 1330.1000  48364 34
308230  107.4380   51.8080  515.1000  48831 34
964130  110.3470    1.4850   27.1000  48184 34
598550  110.4670   19.2330   25.0000  48983 34
592870  113.2990   23.3920   15.2000  49451 34
579570  110.0390   25.2180  173.7000  49273 34
570830  113.8410   34.5200  150.9000  49265 34
537720  112.6280   37.7470  784.9000  49427 34
534630  111.8240   40.8510 1083.9000  49173 34
442590  114.5500   48.0830  747.0000  48015 34
307580  113.3060   52.0260  692.5000  49065 34
243290  114.2830   66.2500  236.0000  45038 34
964810  118.1220    4.3130   17.4000  47583 34
964710  116.0510    5.9370    3.0000  48115 34
593160  116.6830   23.4000    3.0000  49346 34
588470  119.2830   26.0830   85.0000  49217 34
582380  118.8620   31.7420   14.9000  49329 34
545390  118.9000   39.4330   12.0000  49028 34
545110  116.5850   40.0800   35.4000  49328 34
506030  116.8170   48.6830  556.7000  48984 34
247380  117.6500   62.1500  133.0000  48295 34
988360  122.0600    6.9220   10.1000  47493 34
984290  121.0200   14.5090   22.9000  49303 34
983280  120.6200   16.3750 1295.7000  47019 34
479180  124.1870   24.3450   28.3000  49354 34
466860  121.2330   25.0780   32.6000  49206 34
584570  120.4320   30.2280    7.0000  49448 34
546620  121.5390   38.9660   32.6000  49416 34
544970  124.3330   40.0500   14.0000  49132 34
507450  123.9180   47.2400  145.4000  49111 34
501360  122.5330   52.9670  438.0000  48828 34
303930  124.8670   56.8330  859.0000  48184 34
246410  121.6170   63.7670  111.0000  48708 34
243430  123.4000   66.7670   92.0000  47716 34
987530  125.6460    7.1260   29.3000  46877 34
479270  125.2950   24.7830   45.7000  49356 34
479300  127.6460   26.1960    3.7000  49563 34
471680  127.7500   34.7330   67.0000  49202 34
471380  129.3830   36.0330    3.6000  49381 34
541610  125.6810   43.9960  215.2000  49256 34
509530  126.5670   45.9330  117.7000  49094 34
503530  126.6330   51.7330  175.6000  48622 34
310040  125.3670   58.6170  679.0000  48499 34
246560  129.4830   63.5170   79.0000  48185 34
943260  133.9020  -23.8070  545.3000  47825 34
914080  134.4830    7.3330   33.2000  49575 34
479450  131.2630   25.8470   50.9000  49305 34
478080  130.4510   33.5860    9.8000  49559 34
471150  130.9000   37.4830  220.0000  49269 34
319810  133.0670   43.9670  188.0000  48814 34
509780  130.9170   45.3000  273.5000  49076 34
314740  133.2670   51.6330  384.0000  45005 32
311370  131.1330   56.2830  850.0000  46702 34
249660  134.4500   60.3830  170.0000  48494 34
914130  138.0830    9.4830   13.4000  49575 34
476750  139.3670   34.7500   75.5000  49342 34
476710  139.7800   35.5520   10.7000  49486 34
319090  136.6000   45.0000   68.0000  48745 34
317350  135.1880   48.5280   75.0000  49230 34
314180  135.8000   52.2830  201.0000  47730 34
912120  144.8000   13.4830   77.4000  49431 34
479810  141.3230   24.7840  115.2000  46800 34
479710  142.1830   27.0830    7.9000  49301 34
476860  140.3860   35.7650   43.0000  49479 34
474250  141.6920   42.7750   25.0000  49547 34
321500  142.7180   46.8890   18.0000  49341 34
320610  142.1670   50.9000   31.0000  48990 34
310880  143.2000   59.3670    6.0000  47914 34
249880  142.3330   60.0830  198.0000  45983 34
321650  145.8670   44.0170   49.0000  48706 34
219460  147.8830   70.6170   61.0000  47210 34
947670  151.1770  -33.9460    6.4000  47375 34
945780  153.0670  -27.4170    6.0000  47778 34
913340  151.8500    7.4670    1.5000  43424 18
479910  153.9790   24.2900    6.7000  48602 34
259130  150.7200   59.9110  175.0000  46958 34
257030  152.4170   62.9170  205.0000  48565 34
254000  150.9000   65.7330   43.0000  47989 34
325090  159.9830   54.1170   27.0000  44642 23
324080  162.7170   56.2170   27.0000  44048 23
251230  161.2830   68.7500   28.0000  44101 23
915900  166.2130  -22.0150   15.8000  46251 32
915580  168.3000  -17.7500   18.0000  47154 34
934360  174.8050  -41.3270   12.5000  47448 34
255510  170.4170   64.6830   26.0000  46887 24
916800  177.4430  -17.7550   18.0000  49131 34
916430  179.2170   -8.5170    2.1000  45023 23
255630  177.7410   64.7350   59.1000  48181 34
